Time Average Distance Standard Deviation of Distance Average Velocity Standard Deviation of Velocity
1.00099 346.14 118.514 50 0
2.00004 317.704 118.932 50 -nan
3.00096 270.678 113.296 50.0883 0.18231
4.00089 215.9 97.2181 50.5303 0.953345
5.00082 169.969 82.1328 50.5912 0.958673
6.00075 153.01 69.1639 51.1036 1.37244
7.00068 165.389 89.0683 54.205 3.20784
8.0006 182.328 116.58 54.3142 3.13519
9.00001 194.665 139.381 54.423 3.07151
10.0004 208.407 164.455 54.5318 3.0164
11.0008 224.541 192.923 54.6412 2.96912
12.0002 233.73 214.198 51.4376 1.90935
13.0006 227.052 215.156 50.9955 1.14101
14 202.813 186.351 51.4819 1.64218
15.0004 184.002 164.798 51.697 1.47892
16.0008 168.813 148.096 51.6349 1.54337
17.0003 146.2 120.878 51.7149 1.50328
18.0007 129.861 102.28 51.7954 1.46879
19.0002 109.125 77.5654 51.8782 1.44032
20.0006 90.8879 56.5459 51.9634 1.41761
21.0001 69.7231 32.7341 52.0502 1.40047
22.0005 61.2917 26.1059 52.161 1.14973
23.001 58.2013 24.7488 52.2001 1.08591
24.0004 55.3611 23.5408 52.3044 1.03216
25.0009 52.6572 22.3908 52.4102 0.981224
26.0003 50.0874 21.2983 52.5152 0.932735
27.0008 47.6415 20.258 52.6211 0.886474
28.0002 45.317 19.2694 52.7267 0.843114
29.0007 27.72 14.5654 50 0
30.0001 25.2496 13.3485 68.4033 0.931634
